85.0 33 189.0 0 1 1
78.0 16 111.0 0 1 0
22.0 20 384.0 1 0 0
42.0 2 215.0 1 0 0
73.0 21 392.0 1 1 0
51.0 41 163.0 0 1 1
13.0 20 40.0 0 1 0
70.0 24 297.0 1 0 0
44.0 5 77.0 0 1 0
79.0 1 112.0 0 1 0
10.0 30 136.0 1 1 0
78.0 19 155.0 0 1 1
0.0 11 28.0 1 1 0
64.0 5 290.0 1 0 0
36.0 31 24.0 0 1 0
3.0 20 235.0 1 0 0
29.0 37 376.0 1 0 0
34.0 30 114.0 1 1 0
70.0 34 131.0 0 1 1
15.0 35 393.0 1 0 0
22.0 46 237.0 0 1 0
93.0 22 356.0 0 1 0
61.0 25 253.0 1 1 0
1.0 10 283.0 1 0 0
11.0 22 399.0 1 0 0
20.0 11 271.0 1 0 0
14.0 37 265.0 1 1 0
57.0 29 162.0 0 1 1
29.0 17 393.0 1 0 0
16.0 31 174.0 1 1 0
18.0 32 313.0 1 0 0
27.0 8 338.0 1 0 0
40.0 29 196.0 0 1 0
50.0 10 284.0 1 0 0
28.0 26 297.0 1 0 0
42.0 36 312.0 1 1 0
96.0 46 257.0 0 1 1
34.0 45 193.0 0 1 0
7.0 33 204.0 1 1 0
56.0 7 74.0 0 1 0
62.0 21 93.0 0 1 0
17.0 19 215.0 1 0 0
65.0 10 16.0 0 1 0
3.0 40 158.0 1 1 0
12.0 14 59.0 0 1 0
8.0 37 308.0 1 0 0
54.0 45 350.0 1 0 0
67.0 44 274.0 0 1 0
33.0 39 82.0 0 1 1
58.0 10 134.0 1 0 0
57.0 30 198.0 0 1 0
17.0 47 11.0 0 1 1
14.0 28 278.0 1 0 0
32.0 41 198.0 0 1 0
28.0 22 174.0 1 1 0
99.0 18 73.0 0 1 1
10.0 17 391.0 1 0 0
35.0 29 251.0 1 0 0
53.0 0 171.0 1 0 0
92.0 44 169.0 0 0 1
1.0 8 395.0 1 0 0
69.0 35 294.0 1 1 0
87.0 17 187.0 0 1 1
81.0 32 257.0 0 1 1
59.0 1 133.0 1 0 0
42.0 18 167.0 0 1 0
38.0 31 134.0 0 1 0
59.0 44 174.0 0 1 1
21.0 32 252.0 1 0 0
15.0 8 21.0 1 0 0
79.0 3 24.0 0 1 0
42.0 9 116.0 1 1 0
67.0 40 134.0 0 1 1
97.0 29 5.0 0 1 1
67.0 10 361.0 1 0 0
55.0 3 43.0 1 1 0
40.0 6 187.0 1 0 0
5.0 38 11.0 0 1 1
28.0 5 313.0 1 0 0
48.0 22 253.0 1 1 0
99.0 41 59.0 0 0 1
26.0 39 287.0 1 0 0
24.0 18 359.0 1 0 0
8.0 35 304.0 1 0 0
24.0 30 101.0 1 1 0
76.0 21 394.0 1 1 0
36.0 18 355.0 1 1 0
79.0 46 74.0 0 0 1
85.0 41 357.0 0 1 1
48.0 23 298.0 1 1 0
20.0 26 87.0 1 1 0
73.0 37 134.0 0 1 1
25.0 46 165.0 0 1 0
23.0 25 116.0 1 1 0
57.0 22 59.0 0 1 1
26.0 14 75.0 0 1 0
32.0 47 386.0 1 1 0
85.0 13 269.0 1 1 0
65.0 7 89.0 1 1 0
91.0 45 112.0 0 0 1
90.0 30 283.0 0 1 0
25.0 46 340.0 1 0 0
24.0 30 126.0 1 1 0
69.0 0 329.0 1 0 0
1.0 35 137.0 1 1 0
90.0 34 351.0 0 1 0
75.0 18 242.0 0 1 0
76.0 9 299.0 1 0 0
47.0 40 24.0 0 1 1
10.0 42 147.0 0 1 0
73.0 44 349.0 0 1 0
59.0 24 55.0 0 1 1
65.0 16 218.0 0 1 0
35.0 41 48.0 0 1 1
29.0 19 218.0 1 0 0
80.0 2 128.0 0 1 0
34.0 7 340.0 1 0 0
6.0 30 397.0 1 0 0
87.0 33 52.0 0 1 1
11.0 18 176.0 1 0 0
1.0 3 36.0 1 0 0
31.0 32 127.0 1 1 0
41.0 37 229.0 0 1 0
26.0 10 54.0 1 0 0
44.0 9 233.0 1 0 0
84.0 37 291.0 0 1 1
28.0 35 22.0 0 1 0
86.0 37 3.0 0 0 1
24.0 27 192.0 1 1 0
65.0 46 86.0 0 1 1
13.0 38 227.0 0 1 0
37.0 11 61.0 1 1 0
59.0 14 357.0 1 0 0
47.0 3 353.0 1 0 0
78.0 7 58.0 0 1 0
45.0 34 283.0 1 0 0
91.0 9 29.0 0 1 1
36.0 6 103.0 1 1 0
8.0 37 238.0 0 1 0
47.0 14 88.0 0 1 0
46.0 40 202.0 0 1 0
6.0 6 132.0 1 0 0
67.0 5 203.0 1 1 0
8.0 5 244.0 1 0 0
26.0 15 120.0 1 1 0
11.0 34 169.0 1 1 0
7.0 36 346.0 1 0 0
12.0 1 320.0 1 0 0
32.0 43 371.0 1 1 0
7.0 8 65.0 1 0 0
57.0 40 332.0 1 0 0
85.0 2 276.0 1 1 0
37.0 34 77.0 0 1 0
89.0 41 111.0 0 0 1
32.0 6 362.0 1 0 0
25.0 47 178.0 0 1 0
8.0 12 122.0 1 0 0
13.0 27 212.0 1 0 0
43.0 44 144.0 0 1 0
0.0 9 221.0 1 0 0
94.0 10 142.0 0 1 0
80.0 10 294.0 1 0 0
58.0 32 73.0 0 1 1
53.0 12 230.0 1 0 0
99.0 35 76.0 0 0 1
24.0 43 53.0 0 1 1
28.0 16 22.0 0 1 0
45.0 34 166.0 0 1 0
23.0 46 389.0 1 1 0
87.0 30 115.0 0 1 0
2.0 25 329.0 1 0 0
13.0 21 302.0 1 0 0
48.0 43 240.0 0 1 0
12.0 31 350.0 1 0 0
90.0 4 25.0 0 1 1
0.0 17 276.0 1 0 0
84.0 27 311.0 0 1 0
89.0 41 213.0 0 0 1
46.0 27 287.0 1 1 0
41.0 20 145.0 0 1 0
79.0 46 56.0 0 0 1
86.0 39 245.0 0 1 1
65.0 10 141.0 1 1 0
43.0 3 96.0 0 1 0
23.0 11 169.0 1 0 0
35.0 8 375.0 1 0 0
31.0 33 131.0 0 1 0
93.0 41 195.0 0 0 1
31.0 11 284.0 1 0 0
45.0 30 338.0 1 0 0
68.0 38 319.0 1 1 0
2.0 46 280.0 1 1 0
31.0 47 4.0 0 1 1
54.0 36 270.0 1 1 0
74.0 24 282.0 1 1 0
59.0 18 397.0 1 0 0
93.0 33 284.0 0 1 1
85.0 25 161.0 0 1 1
95.0 47 120.0 0 0 1
78.0 20 121.0 0 1 0
3.0 40 84.0 0 1 0
17.0 13 65.0 1 1 0
76.0 32 316.0 0 1 0
87.0 4 335.0 1 0 0
85.0 19 202.0 0 1 1
19.0 39 359.0 1 0 0
7.0 14 225.0 1 0 0
20.0 0 136.0 1 0 0
40.0 39 291.0 1 1 0
72.0 31 321.0 1 1 0
28.0 10 342.0 1 0 0
41.0 30 89.0 0 1 0
8.0 4 135.0 1 0 0
17.0 47 316.0 1 0 0
40.0 43 373.0 1 1 0
6.0 39 288.0 1 1 0
84.0 2 234.0 0 1 0
50.0 32 385.0 1 0 0
60.0 41 28.0 0 1 1
26.0 12 227.0 1 0 0
29.0 42 329.0 1 1 0
55.0 20 144.0 0 1 1
38.0 20 170.0 1 1 0
27.0 8 22.0 1 0 0
69.0 31 71.0 0 1 1
57.0 0 357.0 1 0 0
59.0 3 192.0 1 0 0
91.0 34 54.0 0 0 1
2.0 28 247.0 1 0 0
36.0 3 326.0 1 0 0
47.0 24 109.0 0 1 0
89.0 28 157.0 0 1 1
47.0 8 280.0 1 0 0
54.0 39 258.0 1 1 0
59.0 47 174.0 0 1 1
0.0 12 345.0 1 0 0
40.0 5 351.0 1 0 0
4.0 19 20.0 0 1 0
46.0 5 280.0 1 0 0
65.0 7 396.0 1 0 0
90.0 40 84.0 0 0 1
32.0 10 225.0 1 0 0
2.0 6 142.0 1 0 0
44.0 4 10.0 0 1 0
0.0 17 260.0 1 0 0
87.0 3 99.0 0 1 0
46.0 32 159.0 0 1 0
61.0 4 202.0 1 0 0
44.0 26 96.0 0 1 0
96.0 6 21.0 0 1 1
82.0 3 384.0 1 0 0
74.0 28 219.0 0 1 0
10.0 45 159.0 1 1 0
31.0 15 269.0 1 0 0
27.0 27 19.0 0 1 0
84.0 12 232.0 0 1 0
18.0 30 224.0 1 1 0
92.0 19 271.0 0 1 0
16.0 21 260.0 1 0 0
14.0 47 10.0 0 1 1
15.0 24 191.0 1 0 0
63.0 44 194.0 0 1 1
8.0 13 259.0 1 0 0
47.0 15 39.0 0 1 0
59.0 21 214.0 0 1 0
84.0 1 224.0 0 1 0
37.0 25 148.0 1 1 0
24.0 20 22.0 0 1 0
50.0 38 199.0 0 1 1
72.0 23 132.0 0 1 1
14.0 47 306.0 1 0 0
66.0 40 106.0 0 1 0
54.0 33 49.0 0 1 1
84.0 30 94.0 0 1 1
34.0 2 197.0 1 0 0
61.0 26 37.0 0 1 1
93.0 9 69.0 0 1 1
72.0 9 331.0 1 0 0
20.0 27 347.0 1 0 0
50.0 13 139.0 1 1 0
37.0 39 215.0 0 1 0
27.0 45 342.0 1 1 0
93.0 19 204.0 0 1 1
30.0 28 335.0 1 1 0
51.0 7 181.0 1 0 0
98.0 21 295.0 0 1 0
87.0 14 305.0 1 1 0
35.0 44 13.0 0 1 1
68.0 31 123.0 0 1 1
77.0 16 240.0 0 1 0
31.0 1 382.0 1 0 0
61.0 14 36.0 0 1 0
68.0 25 175.0 0 1 1
0.0 23 336.0 1 0 0
77.0 4 321.0 1 0 0
51.0 31 149.0 0 1 0
49.0 32 145.0 0 1 0
78.0 15 300.0 1 1 0
52.0 4 363.0 1 0 0
42.0 46 60.0 0 0 1
18.0 40 354.0 1 0 0
70.0 6 388.0 1 0 0
18.0 0 384.0 1 0 0
53.0 25 310.0 1 0 0
22.0 39 292.0 1 0 0
1.0 29 222.0 1 1 0
74.0 20 235.0 0 1 0
58.0 3 21.0 1 1 0
59.0 0 322.0 1 0 0
9.0 35 301.0 1 0 0
58.0 2 8.0 1 1 0
21.0 6 285.0 1 0 0
89.0 14 100.0 0 1 0
38.0 42 239.0 1 1 0
3.0 13 24.0 1 1 0
87.0 33 151.0 0 1 1
13.0 14 32.0 0 1 0
39.0 40 327.0 1 1 0
95.0 1 67.0 0 1 1
61.0 14 292.0 1 0 0
21.0 7 306.0 1 0 0
97.0 11 291.0 1 0 0
98.0 13 294.0 1 1 0
49.0 19 372.0 1 0 0
61.0 35 319.0 1 0 0
13.0 25 45.0 0 1 0
49.0 32 5.0 0 1 1
27.0 2 332.0 1 0 0
20.0 0 70.0 1 0 0
79.0 3 3.0 0 1 0
26.0 2 185.0 1 0 0
2.0 15 127.0 1 0 0
97.0 17 158.0 0 1 1
36.0 6 39.0 1 1 0
20.0 42 243.0 0 1 0
15.0 29 184.0 1 1 0
27.0 45 313.0 1 0 0
3.0 30 154.0 1 1 0
11.0 30 116.0 1 1 0
20.0 36 138.0 1 1 0
25.0 26 260.0 1 0 0
4.0 38 56.0 0 1 1
15.0 25 134.0 1 0 0
76.0 3 105.0 0 1 0
92.0 19 180.0 0 1 1
14.0 32 380.0 1 0 0
56.0 5 207.0 1 0 0
1.0 15 53.0 0 1 0
49.0 5 391.0 1 0 0
73.0 29 193.0 0 1 1
89.0 40 281.0 0 1 1
26.0 21 49.0 0 1 0
85.0 9 23.0 0 1 1
57.0 41 264.0 1 1 0
54.0 43 253.0 1 1 0
19.0 1 77.0 1 0 0
27.0 26 167.0 1 1 0
45.0 23 196.0 0 1 0
53.0 6 364.0 1 0 0
47.0 11 108.0 1 1 0
12.0 23 11.0 0 1 0
26.0 3 192.0 1 0 0
38.0 24 308.0 1 1 0
7.0 26 338.0 1 0 0
90.0 3 123.0 0 1 0
17.0 42 279.0 1 1 0
94.0 3 303.0 1 1 0
98.0 24 8.0 0 1 1
32.0 8 268.0 1 0 0
96.0 34 255.0 0 1 1
40.0 37 338.0 1 1 0
72.0 17 41.0 0 1 0
58.0 11 231.0 1 0 0
31.0 23 161.0 1 1 0
57.0 34 356.0 1 0 0
79.0 25 36.0 0 1 1
54.0 41 156.0 0 1 1
28.0 35 239.0 0 1 0
29.0 30 76.0 0 1 0
18.0 25 238.0 1 0 0
59.0 32 85.0 0 1 1
35.0 24 59.0 0 1 0
4.0 7 258.0 1 0 0
24.0 37 271.0 1 1 0
4.0 25 375.0 1 0 0
96.0 14 380.0 1 1 0
56.0 32 212.0 0 1 0
42.0 29 37.0 0 1 0
4.0 3 202.0 1 0 0
85.0 3 164.0 1 1 0
83.0 41 283.0 0 1 1
36.0 46 74.0 0 1 1
12.0 41 75.0 0 1 1
32.0 35 20.0 0 1 0
19.0 42 166.0 0 1 0
85.0 20 28.0 0 1 1
9.0 36 164.0 1 1 0
16.0 21 135.0 1 0 0
18.0 30 273.0 1 0 0
99.0 30 360.0 0 1 0
54.0 11 47.0 0 1 0
71.0 15 307.0 1 0 0
12.0 45 314.0 1 0 0
99.0 45 372.0 0 1 1
84.0 39 143.0 0 0 1
67.0 24 34.0 0 1 1
18.0 19 62.0 0 1 0
64.0 26 33.0 0 1 1
49.0 5 20.0 0 1 0
25.0 24 18.0 0 1 0
86.0 45 66.0 0 0 1
11.0 36 309.0 1 0 0
24.0 19 293.0 1 0 0
7.0 29 252.0 1 0 0
89.0 35 94.0 0 0 1
34.0 34 240.0 1 1 0
46.0 13 190.0 1 1 0
12.0 12 133.0 1 0 0
59.0 16 62.0 0 1 0
62.0 27 20.0 0 1 1
67.0 32 109.0 0 1 1
83.0 2 215.0 0 1 0
49.0 45 280.0 1 1 0
1.0 47 267.0 1 1 0
4.0 43 83.0 0 1 0
97.0 6 75.0 0 1 1
11.0 27 94.0 1 1 0
9.0 33 29.0 0 1 0
61.0 22 223.0 0 1 0
24.0 29 81.0 0 1 0
71.0 16 313.0 1 0 0
1.0 19 135.0 1 0 0
89.0 27 381.0 0 1 0
60.0 25 163.0 0 1 1
12.0 26 246.0 1 0 0
10.0 13 13.0 1 1 0
92.0 34 376.0 0 1 0
25.0 46 236.0 0 1 0
22.0 47 126.0 0 1 0
9.0 44 13.0 0 1 1
32.0 10 342.0 1 0 0
64.0 18 55.0 0 1 1
4.0 38 326.0 1 0 0
80.0 3 80.0 0 1 1
93.0 18 48.0 0 1 1
46.0 0 107.0 1 1 0
38.0 15 186.0 1 0 0
43.0 1 337.0 1 0 0
23.0 22 3.0 0 1 0
35.0 9 134.0 1 0 0
53.0 46 372.0 1 0 0
97.0 14 385.0 1 1 0
56.0 6 371.0 1 0 0
1.0 40 355.0 1 0 0
21.0 38 216.0 0 1 0
47.0 18 116.0 0 1 0
13.0 1 164.0 1 0 0
82.0 16 306.0 0 1 0
32.0 1 7.0 1 1 0
89.0 20 248.0 0 1 0
88.0 31 293.0 0 1 0
65.0 36 359.0 1 1 0
66.0 12 145.0 0 1 0
5.0 44 395.0 1 0 0
83.0 12 158.0 0 1 0
55.0 19 219.0 0 1 0
3.0 47 368.0 1 0 0
1.0 37 97.0 0 1 0
53.0 33 130.0 0 1 0
15.0 45 132.0 0 1 0
4.0 43 242.0 0 1 0
99.0 34 360.0 0 1 0
58.0 29 28.0 0 1 1
44.0 22 326.0 1 1 0
41.0 45 340.0 1 1 0
59.0 43 179.0 0 1 1
52.0 18 29.0 0 1 1
74.0 37 16.0 0 1 1
92.0 0 398.0 1 0 0
98.0 4 384.0 1 0 0
81.0 11 368.0 1 1 0
23.0 9 285.0 1 0 0
84.0 16 197.0 0 1 0
83.0 43 241.0 0 0 1
61.0 41 228.0 0 1 0
13.0 9 246.0 1 0 0
95.0 9 305.0 1 0 0
17.0 12 168.0 1 0 0
70.0 46 132.0 0 1 1
7.0 6 146.0 1 0 0
12.0 46 18.0 0 1 1
9.0 2 344.0 1 0 0
32.0 1 33.0 1 1 0
26.0 15 214.0 1 0 0
80.0 6 329.0 1 0 0
94.0 27 245.0 0 1 0
4.0 1 177.0 1 0 0
74.0 17 346.0 1 1 0
5.0 18 182.0 1 0 0
73.0 24 171.0 0 1 1
30.0 22 225.0 1 0 0
5.0 41 310.0 1 0 0
89.0 10 74.0 0 1 1
59.0 0 313.0 1 0 0
68.0 17 153.0 0 1 0
86.0 23 230.0 0 1 0
99.0 22 186.0 0 1 1
94.0 16 252.0 1 1 0
40.0 5 50.0 1 1 0
62.0 32 101.0 0 1 1
61.0 8 291.0 1 0 0
6.0 1 101.0 1 0 0
8.0 29 284.0 1 0 0
2.0 15 95.0 0 1 0
46.0 8 186.0 1 0 0
71.0 6 258.0 1 0 0
10.0 29 162.0 1 1 0
28.0 41 386.0 1 1 0
49.0 24 41.0 0 1 1
17.0 47 182.0 0 1 0
70.0 22 219.0 0 1 0
22.0 43 213.0 0 1 0
38.0 39 392.0 1 1 0
47.0 47 110.0 0 1 0
63.0 34 180.0 0 1 0
19.0 34 251.0 1 1 0
29.0 18 294.0 1 0 0
3.0 38 129.0 0 1 0
54.0 30 298.0 1 0 0
5.0 40 243.0 0 1 0
41.0 21 270.0 1 1 0
44.0 43 305.0 1 1 0
12.0 22 143.0 1 0 0
13.0 37 371.0 1 0 0
80.0 0 1.0 0 1 1
82.0 42 34.0 0 0 1
82.0 43 57.0 0 0 1
3.0 25 66.0 1 1 0
19.0 4 31.0 1 0 0
17.0 6 170.0 1 0 0
53.0 0 47.0 1 1 0
66.0 20 98.0 0 1 0
10.0 45 204.0 0 1 0
71.0 27 300.0 1 1 0
21.0 19 345.0 1 0 0
26.0 15 140.0 1 0 0
55.0 11 353.0 1 0 0
64.0 2 333.0 1 0 0
11.0 39 346.0 1 0 0
68.0 27 349.0 1 1 0
23.0 10 27.0 1 0 0
70.0 33 212.0 0 1 0
64.0 14 186.0 0 1 0
95.0 4 213.0 0 1 0
63.0 16 227.0 0 1 0
36.0 46 156.0 0 1 0
23.0 5 362.0 1 0 0
9.0 17 95.0 0 1 0
34.0 37 126.0 0 1 0
20.0 16 364.0 1 0 0
86.0 9 237.0 0 1 0
80.0 11 240.0 0 1 0
19.0 28 96.0 1 1 0
8.0 34 159.0 1 1 0
21.0 5 312.0 1 0 0
92.0 23 275.0 0 1 0
99.0 1 81.0 0 1 0
20.0 37 142.0 1 1 0
46.0 30 315.0 1 0 0
19.0 1 0.0 1 0 0
59.0 28 55.0 0 1 1
98.0 0 35.0 0 1 1
89.0 39 357.0 0 1 1
73.0 39 252.0 0 1 0
73.0 3 203.0 1 1 0
85.0 38 198.0 0 0 1
70.0 46 10.0 0 1 1
85.0 30 51.0 0 1 1
82.0 28 351.0 0 1 0
20.0 36 299.0 1 0 0
98.0 9 23.0 0 1 1
75.0 21 294.0 1 1 0
88.0 0 115.0 0 1 0
45.0 5 60.0 0 1 0
31.0 10 207.0 1 0 0
71.0 4 23.0 0 1 0
24.0 44 268.0 1 1 0
2.0 20 291.0 1 0 0
35.0 45 291.0 1 1 0
73.0 0 373.0 1 0 0
36.0 17 314.0 1 1 0
87.0 45 288.0 0 1 1
65.0 3 162.0 1 1 0
41.0 14 340.0 1 0 0
75.0 45 382.0 0 1 0
0.0 16 394.0 1 0 0
59.0 40 244.0 1 1 0
60.0 18 258.0 1 1 0
41.0 1 218.0 1 0 0
72.0 35 135.0 0 1 1
98.0 47 381.0 0 1 1
82.0 18 322.0 0 1 0
21.0 34 206.0 1 1 0
98.0 19 392.0 0 1 0
86.0 14 294.0 1 1 0
88.0 43 230.0 0 0 1
27.0 12 276.0 1 0 0
44.0 22 260.0 1 1 0
17.0 37 387.0 1 0 0
30.0 31 52.0 0 1 0
91.0 1 10.0 0 1 1
82.0 47 299.0 0 1 1
25.0 40 38.0 0 1 1
67.0 42 338.0 1 1 0
40.0 32 51.0 0 1 0
25.0 31 103.0 1 1 0
94.0 45 114.0 0 0 1
55.0 31 163.0 0 1 0
29.0 16 61.0 0 1 0
48.0 5 206.0 1 0 0
28.0 0 170.0 1 0 0
41.0 3 7.0 0 1 0
1.0 13 57.0 1 1 0
43.0 33 245.0 1 1 0
21.0 2 124.0 1 0 0
28.0 22 90.0 0 1 0
56.0 26 275.0 1 1 0
1.0 42 243.0 0 1 0
20.0 33 311.0 1 0 0
6.0 25 309.0 1 0 0
75.0 37 134.0 0 1 1
32.0 26 283.0 1 0 0
88.0 34 296.0 0 1 1
29.0 17 386.0 1 0 0
58.0 26 392.0 1 0 0
82.0 18 39.0 0 1 1
99.0 9 20.0 0 1 1
30.0 37 245.0 1 1 0
91.0 14 395.0 1 1 0
28.0 15 371.0 1 0 0
38.0 26 347.0 1 1 0
49.0 39 230.0 0 1 0
15.0 12 375.0 1 0 0
76.0 9 194.0 0 1 0
76.0 41 317.0 0 1 0
20.0 45 388.0 1 0 0
80.0 29 28.0 0 1 1
49.0 3 104.0 1 1 0
10.0 28 21.0 0 1 0
63.0 42 264.0 1 1 0
54.0 16 31.0 0 1 0
17.0 20 268.0 1 0 0
34.0 17 85.0 0 1 0
58.0 14 221.0 0 1 0
71.0 26 326.0 1 1 0
53.0 1 191.0 1 0 0
62.0 42 93.0 0 1 0
62.0 22 306.0 1 0 0
68.0 40 289.0 0 1 0
47.0 4 227.0 1 0 0
45.0 22 169.0 0 1 0
51.0 1 213.0 1 0 0
62.0 16 158.0 0 1 0
44.0 13 397.0 1 0 0
9.0 10 266.0 1 0 0
34.0 17 46.0 0 1 0
24.0 39 105.0 0 1 0
55.0 2 39.0 1 1 0
68.0 13 309.0 1 0 0
78.0 26 197.0 0 1 1
92.0 12 230.0 0 1 0
1.0 38 326.0 1 0 0
91.0 17 153.0 0 1 1
57.0 25 151.0 0 1 1
42.0 34 213.0 0 1 0
45.0 20 242.0 0 1 0
12.0 46 86.0 0 1 0
8.0 35 243.0 1 1 0
22.0 43 151.0 0 1 0
84.0 38 192.0 0 0 1
1.0 42 115.0 0 1 0
93.0 8 118.0 0 1 0
1.0 0 298.0 1 0 0
99.0 6 200.0 0 1 0
90.0 4 189.0 0 1 0
25.0 21 265.0 1 0 0
7.0 14 282.0 1 0 0
87.0 47 327.0 0 1 1
70.0 30 33.0 0 1 1
50.0 3 24.0 1 1 0
57.0 27 40.0 0 1 1
90.0 1 226.0 0 1 0
43.0 41 27.0 0 1 1
85.0 47 358.0 0 1 1
24.0 23 212.0 1 0 0
5.0 15 74.0 0 1 0
89.0 27 318.0 0 1 0
18.0 22 175.0 1 0 0
3.0 14 76.0 0 1 0
42.0 23 135.0 0 1 0
30.0 12 15.0 1 1 0
21.0 28 228.0 1 0 0
52.0 42 325.0 1 0 0
75.0 13 56.0 0 1 0
16.0 31 9.0 0 1 0
41.0 9 205.0 1 0 0
50.0 23 210.0 0 1 0
42.0 4 10.0 0 1 0
36.0 29 237.0 1 1 0
59.0 33 156.0 0 1 0
90.0 14 207.0 0 1 0
78.0 42 225.0 0 1 1
72.0 28 216.0 0 1 0
71.0 30 319.0 1 1 0
71.0 36 21.0 0 1 1
15.0 46 277.0 1 1 0
16.0 28 292.0 1 0 0
67.0 27 247.0 0 1 0
80.0 28 56.0 0 1 1
90.0 33 362.0 0 1 0
54.0 19 179.0 0 1 1
82.0 32 96.0 0 1 1
54.0 23 152.0 0 1 1
47.0 22 300.0 1 0 0
47.0 47 159.0 0 1 0
55.0 37 304.0 1 0 0
17.0 28 10.0 1 1 0
81.0 39 225.0 0 0 1
90.0 26 222.0 0 1 0
39.0 21 83.0 0 1 0
87.0 3 164.0 1 1 0
99.0 36 164.0 0 0 1
20.0 27 221.0 1 0 0
56.0 16 86.0 0 1 0
39.0 29 129.0 0 1 0
97.0 42 176.0 0 0 1
2.0 40 130.0 0 1 0
12.0 12 99.0 1 0 0
39.0 30 249.0 1 1 0
57.0 30 152.0 0 1 1
5.0 8 39.0 1 0 0
77.0 9 61.0 0 1 0
36.0 11 339.0 1 0 0
49.0 5 125.0 1 0 0
55.0 21 109.0 0 1 0
11.0 15 298.0 1 0 0
3.0 47 286.0 1 1 0
47.0 34 13.0 0 1 0
3.0 31 237.0 1 1 0
77.0 6 86.0 0 1 0
53.0 24 84.0 0 1 1
90.0 26 395.0 0 1 0
99.0 12 144.0 0 1 0
57.0 18 26.0 0 1 1
63.0 47 154.0 0 1 1
12.0 22 63.0 0 1 0
48.0 13 69.0 0 1 0
30.0 40 118.0 0 1 0
68.0 21 267.0 1 1 0
71.0 38 71.0 0 1 1
71.0 11 275.0 1 0 0
37.0 1 9.0 1 1 0
38.0 42 77.0 0 1 1
66.0 47 277.0 0 1 0
8.0 15 94.0 0 1 0
89.0 42 310.0 0 1 1
45.0 40 287.0 1 0 0
98.0 0 261.0 1 1 0
71.0 47 135.0 0 1 1
19.0 21 287.0 1 0 0
15.0 29 374.0 1 0 0
16.0 6 33.0 1 0 0
42.0 37 1.0 0 1 1
78.0 16 67.0 0 1 0
47.0 37 33.0 0 1 1
41.0 26 191.0 0 1 0
48.0 10 46.0 0 1 0
52.0 0 338.0 1 0 0
19.0 6 311.0 1 0 0
45.0 4 159.0 1 0 0
69.0 0 76.0 0 1 0
88.0 24 375.0 0 1 0
10.0 7 2.0 1 0 0
6.0 30 34.0 0 1 0
56.0 30 251.0 1 1 0
90.0 28 242.0 0 1 0
7.0 25 160.0 1 0 0
52.0 7 5.0 0 1 0
56.0 37 289.0 1 0 0
20.0 28 272.0 1 0 0
12.0 22 314.0 1 0 0
83.0 33 220.0 0 1 1
57.0 17 375.0 1 0 0
75.0 47 116.0 0 1 1
80.0 7 327.0 1 0 0
46.0 41 155.0 0 1 0
37.0 42 236.0 0 1 0
93.0 30 225.0 0 1 0
27.0 15 184.0 1 0 0
61.0 35 246.0 1 1 0
48.0 24 353.0 1 0 0
69.0 25 136.0 0 1 1
77.0 6 28.0 0 1 0
0.0 16 199.0 1 0 0
13.0 38 268.0 1 1 0
87.0 26 13.0 0 1 1
84.0 33 15.0 0 1 1
22.0 13 388.0 1 0 0
81.0 46 19.0 0 0 1
12.0 19 185.0 1 0 0
35.0 45 394.0 1 1 0
80.0 8 192.0 0 1 0
35.0 3 242.0 1 0 0
24.0 7 157.0 1 0 0
72.0 43 95.0 0 1 1
91.0 17 334.0 0 1 0
36.0 12 70.0 1 1 0
61.0 34 11.0 0 1 1
8.0 7 125.0 1 0 0
67.0 26 172.0 0 1 1
40.0 13 237.0 1 0 0
71.0 21 308.0 1 0 0
90.0 17 316.0 0 1 0
58.0 29 23.0 0 1 1
67.0 16 340.0 1 0 0
20.0 2 169.0 1 0 0
93.0 29 18.0 0 1 1
39.0 25 232.0 1 1 0
97.0 18 122.0 0 1 1
59.0 15 150.0 0 1 0
67.0 6 154.0 1 1 0
63.0 24 355.0 1 0 0
36.0 24 61.0 0 1 0
4.0 43 231.0 0 1 0
52.0 14 186.0 0 1 0
43.0 31 311.0 1 1 0
91.0 17 371.0 0 1 0
55.0 27 282.0 1 1 0
96.0 1 45.0 0 1 1
60.0 2 17.0 1 1 0
71.0 38 2.0 0 1 1
14.0 47 47.0 0 1 1
89.0 40 196.0 0 0 1
71.0 19 317.0 1 0 0
57.0 28 308.0 1 0 0
72.0 37 219.0 0 1 0
70.0 27 310.0 1 1 0
73.0 7 362.0 1 0 0
49.0 27 391.0 1 0 0
36.0 9 385.0 1 0 0
44.0 46 90.0 0 1 0
35.0 6 392.0 1 0 0
97.0 40 304.0 0 1 1
6.0 7 63.0 1 0 0
52.0 44 306.0 1 0 0
6.0 45 198.0 1 1 0
58.0 29 125.0 0 1 1
24.0 14 100.0 0 1 0
35.0 17 65.0 0 1 0
87.0 33 315.0 0 1 0
85.0 41 241.0 0 1 1
7.0 35 26.0 0 1 0
8.0 34 145.0 1 1 0
24.0 17 156.0 1 0 0
83.0 3 31.0 0 1 1
92.0 15 226.0 0 1 0
27.0 40 159.0 0 1 0
48.0 8 318.0 1 0 0
90.0 24 122.0 0 1 0
37.0 22 96.0 0 1 0
75.0 27 34.0 0 1 1
21.0 13 352.0 1 0 0
9.0 21 164.0 1 0 0
32.0 37 179.0 0 1 0
25.0 43 146.0 0 1 0
64.0 9 157.0 1 1 0
85.0 15 157.0 0 1 0
37.0 39 97.0 0 1 0
97.0 40 218.0 0 0 1
38.0 5 192.0 1 0 0
41.0 47 7.0 0 0 1
27.0 36 399.0 1 0 0
25.0 33 7.0 0 1 0
14.0 45 255.0 1 1 0
98.0 25 3.0 0 1 1
59.0 38 59.0 0 1 1
16.0 10 220.0 1 0 0
91.0 5 142.0 0 1 0
22.0 28 81.0 0 1 0
49.0 8 66.0 0 1 0
50.0 7 44.0 0 1 0
80.0 37 208.0 0 0 1
15.0 21 326.0 1 0 0
98.0 29 251.0 0 1 0
99.0 22 232.0 0 1 0
30.0 20 144.0 1 1 0
49.0 12 1.0 0 1 0
64.0 26 26.0 0 1 1
39.0 42 90.0 0 1 0
84.0 46 291.0 0 1 1
93.0 1 250.0 1 1 0
83.0 33 253.0 0 1 1
84.0 3 254.0 1 1 0
58.0 19 66.0 0 1 1
36.0 0 53.0 1 1 0
10.0 27 62.0 1 1 0
94.0 9 189.0 0 1 0
82.0 46 363.0 0 1 1
80.0 16 131.0 0 1 0
21.0 1 199.0 1 0 0
17.0 40 144.0 1 1 0
2.0 46 125.0 0 1 0
75.0 26 324.0 1 1 0
38.0 39 293.0 1 1 0
51.0 38 151.0 0 1 1
42.0 36 240.0 1 1 0
66.0 6 347.0 1 0 0
37.0 37 60.0 0 1 1
33.0 0 345.0 1 0 0
25.0 9 108.0 1 0 0
96.0 0 310.0 1 0 0
92.0 4 196.0 1 1 0
26.0 19 86.0 0 1 0
81.0 43 136.0 0 0 1
15.0 40 287.0 1 1 0
88.0 32 131.0 0 1 1
20.0 23 5.0 0 1 0
72.0 3 48.0 0 1 0
67.0 24 72.0 0 1 1
76.0 32 111.0 0 1 1
60.0 22 128.0 0 1 0
0.0 7 302.0 1 0 0
36.0 15 186.0 1 0 0
1.0 31 144.0 1 1 0
22.0 43 65.0 0 1 1
23.0 7 20.0 1 0 0
48.0 11 146.0 1 1 0
98.0 37 165.0 0 0 1
17.0 23 64.0 0 1 0
24.0 5 103.0 1 0 0
54.0 3 384.0 1 0 0
80.0 7 33.0 0 1 1
61.0 46 47.0 0 1 1
27.0 37 335.0 1 0 0
15.0 35 386.0 1 0 0
38.0 7 388.0 1 0 0
90.0 15 307.0 1 1 0
83.0 46 206.0 0 0 1
30.0 2 289.0 1 0 0
87.0 10 388.0 1 1 0
13.0 32 370.0 1 0 0
16.0 45 72.0 0 1 1
30.0 46 72.0 0 1 1
47.0 4 222.0 1 0 0
28.0 24 386.0 1 1 0
97.0 37 375.0 0 1 1
62.0 40 34.0 0 1 1
2.0 34 151.0 1 1 0
16.0 39 200.0 1 1 0
57.0 20 63.0 0 1 1
10.0 26 217.0 1 0 0
12.0 19 0.0 0 1 0
34.0 1 85.0 1 1 0
18.0 4 159.0 1 0 0
92.0 5 392.0 1 0 0
21.0 19 30.0 0 1 0
68.0 25 148.0 0 1 1
60.0 28 41.0 0 1 1
91.0 41 379.0 0 1 1
62.0 38 101.0 0 1 0
62.0 25 110.0 0 1 0
38.0 3 273.0 1 0 0
67.0 28 32.0 0 1 1
6.0 45 361.0 1 0 0
68.0 30 360.0 1 1 0
35.0 32 340.0 1 0 0
51.0 44 124.0 0 1 0
22.0 24 188.0 1 0 0
34.0 17 346.0 1 1 0
75.0 1 216.0 0 1 0
4.0 16 192.0 1 0 0
85.0 39 209.0 0 0 1
52.0 32 50.0 0 1 1
21.0 5 258.0 1 0 0
67.0 25 271.0 1 1 0
68.0 14 8.0 0 1 0
75.0 44 161.0 0 1 1
79.0 40 276.0 0 1 1
14.0 7 394.0 1 0 0
39.0 5 250.0 1 0 0
7.0 28 394.0 1 0 0
27.0 26 15.0 0 1 0
37.0 7 113.0 1 0 0
11.0 9 255.0 1 0 0
11.0 15 180.0 1 0 0
44.0 44 389.0 1 1 0
18.0 9 236.0 1 0 0
39.0 2 377.0 1 0 0
60.0 16 46.0 0 1 0
33.0 40 270.0 1 0 0
